24
10.00  10.00  10.00 1.00
10.00  10.00 -10.00 1.00 
10.00 -10.00  10.00 1.00 
10.00 -10.00 -10.00 1.00 
-10.00  10.00  10.00 1.00 
-10.00  10.00 -10.00 1.00 
-10.00 -10.00  10.00 1.00 
-10.00 -10.00 -10.00 1.00 
-10.00  10.00  10.00 1.00 
10.00  10.00  10.00 1.00 
-10.00  10.00 -10.00 1.00 
10.00  10.00 -10.00 1.00 
-10.00 -10.00  10.00 1.00 
10.00 -10.00  10.00 1.00 
-10.00 -10.00 -10.00 1.00 
10.00 -10.00 -10.00 1.00
-10.00  10.00  10.00 1.00
10.00  10.00  10.00 1.00
-10.00 -10.00  10.00 1.00
10.00 -10.00  10.00 1.00
-10.00  10.00 -10.00 1.00
10.00  10.00 -10.00 1.00
-10.00 -10.00 -10.00 1.00
10.00 -10.00 -10.00 1.00
36
0  1  2 ;
3  2  1 ;right
6  5  4 ;left
5  6  7
10 9 8 ;top
9 10 11 ;top 
12 13 14 ;bottom
15 14 13 ;bottom
16 17 18 ;front
19 18 17
22 21 20 ;back
21 22 23
24
0.00 0.00 1.00 0.00
1.00 0.00 1.00 0.00
0.00 1.00 1.00 0.00
1.00 1.00 1.00 0.00
0.00 0.00 1.00 0.00
1.00 0.00 1.00 0.00
0.00 1.00 1.00 0.00
1.00 1.00 1.00 0.00
0.00 0.00 1.00 0.00
1.00 0.00 1.00 0.00
0.00 1.00 1.00 0.00
1.00 1.00 1.00 0.00
0.00 0.00 1.00 0.00
1.00 0.00 1.00 0.00
0.00 1.00 1.00 0.00
1.00 1.00 1.00 0.00
0.00 0.00 1.00 0.00
1.00 0.00 1.00 0.00
0.00 1.00 1.00 0.00
1.00 1.00 1.00 0.00
0.00 0.00 1.00 0.00
1.00 0.00 1.00 0.00
0.00 1.00 1.00 0.00
1.00 1.00 1.00 0.00


